Best Solution Found:(1839)
00 15 14 47 07 36 08 40 41 09 42 43 44 11 45 12 35 20 21 48 49 22 59 23 30 53 31 62 52 51 24 25 63 29 55 33 64 38 02 04 39 05 06 57 58 34 56 32 54 50 28 27 26 19 46 10 60 13 16 17 18 61 01 37 03 00

00 15 = 13
15 14 = 27
14 47 = 19
47 07 = 57
07 36 = 26
36 08 = 7
08 40 = 21
40 41 = 44
41 09 = 11
09 42 = 35
42 43 = 25
43 44 = 62
44 11 = 9
11 45 = 12
45 12 = 49
12 35 = 113
35 20 = 27
20 21 = 17
21 48 = 12
48 49 = 31
49 22 = 10
22 59 = 14
59 23 = 39
23 30 = 117
30 53 = 41
53 31 = 9
31 62 = 16
62 52 = 26
52 51 = 17
51 24 = 22
24 25 = 36
25 63 = 22
63 29 = 14
29 55 = 48
55 33 = 26
33 64 = 48
64 38 = 8
38 02 = 30
02 04 = 20
04 39 = 5
39 05 = 28
05 06 = 47
06 57 = 70
57 58 = 32
58 34 = 29
34 56 = 18
56 32 = 38
32 54 = 19
54 50 = 35
50 28 = 24
28 27 = 8
27 26 = 20
26 19 = 45
19 46 = 19
46 10 = 47
10 60 = 6
60 13 = 24
13 16 = 31
16 17 = 7
17 18 = 9
18 61 = 25
61 01 = 7
01 37 = 20
37 03 = 19
03 00 = 27